accommodation_type,year,month,travellers_Spain,travellers_Foreign,total_travellers,nights_Spain,nights_Foreign,total_nights,avg_days
Hotels,2022,Aug,568722,157822,726544,1324693,289657,1614350,2.22
Hotels,2022,Jul,464774,150376,615150,1041010,264660,1305670,2.12
Hotels,2022,Jun,312708,168803,481511,621095,271876,892971,1.85
Hotels,2022,May,272096,170461,442557,509886,256591,766477,1.73
Hotels,2022,Apr,276491,102536,379027,520912,162069,682981,1.8
Hotels,2022,Mar,174139,41371,215510,332906,79090,411996,1.91
Hotels,2022,Feb,153048,24579,177627,272890,46376,319266,1.8
Hotels,2022,Jan,109775,17605,127380,195591,40721,236312,1.86
Hotels,2021,Dec,180211,22331,202542,349464,44304,393768,1.94
Hotels,2021,Nov,196209,34675,230884,374296,61280,435576,1.89
Hotels,2021,Oct,304785,94344,399129,598102,149179,747281,1.87
Hotels,2021,Sep,365209,99283,464492,770473,163256,933729,2.01
Hotels,2021,Aug,573951,82000,655951,1357260,161614,1518874,2.32
Hotels,2021,Jul,437167,61787,498954,965649,115371,1081020,2.17
Hotels,2021,Jun,229307,40803,270110,443180,76642,519822,1.92
Hotels,2021,May,137888,16311,154199,249610,34944,284554,1.85
Hotels,2021,Apr,93955,6941,100896,174635,17997,192632,1.91
Hotels,2021,Mar,81456,5974,87430,159697,17125,176822,2.02
Hotels,2021,Feb,38927,3713,42640,88896,12594,101490,2.38
Hotels,2021,Jan,39470,4377,43847,96135,15207,111342,2.54
Hotels,2020,Dec,48740,4356,53096,110512,13491,124003,2.34
Hotels,2020,Nov,47909,5354,53263,113769,19298,133067,2.5
Hotels,2020,Oct,126936,15356,142292,243277,33667,276944,1.95
Hotels,2020,Sep,190153,21403,211556,373628,45064,418692,1.98
Hotels,2020,Aug,357723,38622,396345,837783,81290,919073,2.32
Hotels,2020,Jul,239192,25567,264759,552098,56601,608699,2.3
Hotels,2020,Jun,53914,3034,56948,105791,10680,116471,2.05
Hotels,2020,May,4606,441,5047,15557,2642,18199,3.61
Hotels,2020,Apr,0,0,0,0,0,0,0.0
Hotels,2020,Mar,74065,15444,89509,147182,34117,181299,2.03
Hotels,2020,Feb,171517,35438,206955,317158,72806,389964,1.88
Hotels,2020,Jan,151176,29141,180317,278203,61681,339884,1.88
Hotels,2019,Dec,207211,32696,239907,392872,67854,460726,1.92
Hotels,2019,Nov,197689,43857,241546,412580,87851,500431,2.07
Hotels,2019,Oct,273113,141469,414582,558569,231977,790546,1.91
Hotels,2019,Sep,330300,197865,528165,711609,323687,1035296,1.96
Hotels,2019,Aug,504005,156802,660807,1269972,291613,1561585,2.36
Hotels,2019,Jul,404302,134432,538734,963299,254982,1218281,2.26
Hotels,2019,Jun,290639,168198,458837,591155,278500,869655,1.9
Hotels,2019,May,257141,168166,425307,506098,259803,765901,1.8
Hotels,2019,Apr,250716,111219,361935,494636,190664,685300,1.89
Hotels,2019,Mar,189698,46332,236030,364653,94986,459639,1.95
Hotels,2019,Feb,155544,26732,182276,281245,54938,336183,1.84
Hotels,2019,Jan,139771,26066,165837,252961,57149,310110,1.87
Hotels,2018,Dec,185832,36030,221862,346662,67581,414243,1.87
Hotels,2018,Nov,195501,41644,237145,402090,97946,500036,2.11
Hotels,2018,Oct,263596,120873,384469,559412,200210,759622,1.98
Hotels,2018,Sep,320345,171572,491917,692979,279172,972151,1.98
Hotels,2018,Aug,483188,155147,638335,1210429,290528,1500957,2.35
Hotels,2018,Jul,377584,130582,508166,914963,234447,1149410,2.26
Hotels,2018,Jun,283272,143035,426307,577608,235585,813193,1.91
Hotels,2018,May,231563,151154,382717,447645,232858,680503,1.78
Hotels,2018,Apr,218486,84224,302710,430021,150357,580378,1.92
Hotels,2018,Mar,218929,48437,267366,406165,88017,494182,1.85
Hotels,2018,Feb,151232,30444,181676,265015,60996,326011,1.79
Hotels,2018,Jan,138288,25721,164009,249481,53783,303264,1.85
Hotels,2017,Dec,171455,30677,202132,324672,58561,383233,1.9
Hotels,2017,Nov,193308,45864,239172,387923,78778,466701,1.95
Hotels,2017,Oct,276745,152106,428851,581362,228779,810141,1.89
Hotels,2017,Sep,324660,203179,527839,706877,307209,1014086,1.92
Hotels,2017,Aug,532857,172552,705409,1310118,305846,1615964,2.29
Hotels,2017,Jul,427993,160147,588140,992971,274194,1267165,2.15
Hotels,2017,Jun,294836,172121,466957,599923,268953,868876,1.86
Hotels,2017,May,231162,167848,399010,436823,246606,683429,1.71
Hotels,2017,Apr,275310,101943,377253,533094,160948,694042,1.84
Hotels,2017,Mar,183403,39157,222560,336761,73660,410421,1.84
Hotels,2017,Feb,150944,28754,179698,259619,51365,310984,1.73
Hotels,2017,Jan,133806,24828,158634,233001,49883,282884,1.78
Hotels,2016,Dec,158715,29248,187963,303058,52175,355233,1.89
Hotels,2016,Nov,176386,39986,216372,351473,73408,424881,1.96
Hotels,2016,Oct,271124,135116,406240,561319,209345,770664,1.9
Hotels,2016,Sep,327416,190246,517662,684870,285702,970572,1.87
Hotels,2016,Aug,526636,176566,703202,1230387,294556,1524943,2.17
Hotels,2016,Jul,434600,149827,584427,960151,243160,1203311,2.06
Hotels,2016,Jun,290026,168635,458661,543736,248405,792141,1.73
Hotels,2016,May,224761,161431,386192,410466,231903,642369,1.66
Hotels,2016,Apr,197903,83403,281306,349550,131829,481379,1.71
Hotels,2016,Mar,218093,44159,262252,417791,75326,493117,1.88
Hotels,2016,Feb,148909,24315,173224,272258,45139,317397,1.83
Hotels,2016,Jan,128415,20486,148901,222392,43295,265687,1.78
Hotels,2015,Dec,155244,27454,182698,279375,49907,329282,1.8
Hotels,2015,Nov,161194,36967,198161,307200,64164,371364,1.87
Hotels,2015,Oct,252380,121910,374290,509317,183448,692765,1.85
Hotels,2015,Sep,312121,173654,485775,628930,268376,897306,1.85
Hotels,2015,Aug,504571,171355,675926,1169976,286250,1456226,2.15
Hotels,2015,Jul,408165,153172,561337,849171,240253,1089424,1.94
Hotels,2015,Jun,273485,161539,435024,520565,237804,758369,1.74
Hotels,2015,May,221350,151743,373093,419383,210203,629586,1.69
Hotels,2015,Apr,214954,81877,296831,410119,124997,535116,1.8
Hotels,2015,Mar,177739,36897,214636,334757,67772,402529,1.88
Hotels,2015,Feb,132654,21465,154119,234776,42917,277693,1.8
Hotels,2015,Jan,114604,19695,134299,204728,40314,245042,1.82
Hotels,2014,Dec,143794,23560,167354,263534,43061,306595,1.83
Hotels,2014,Nov,156078,30700,186778,322387,57526,379913,2.03
Hotels,2014,Oct,232581,100843,333424,481055,163402,644457,1.93
Hotels,2014,Sep,286817,153019,439836,606072,235663,841735,1.91
Hotels,2014,Aug,479843,151107,630950,1098939,249743,1348682,2.14
Hotels,2014,Jul,340620,122714,463334,735697,199653,935350,2.02
Hotels,2014,Jun,234163,130931,365094,471734,200813,672547,1.84
Hotels,2014,May,209214,133714,342928,404494,200891,605385,1.77
Hotels,2014,Apr,204276,71011,275287,390314,107080,497394,1.81
Hotels,2014,Mar,147056,26479,173535,294933,52839,347772,2.0
Hotels,2014,Feb,129189,18179,147368,233365,39940,273305,1.85
Hotels,2014,Jan,105476,16207,121683,207573,35909,243482,2.0
Hotels,2013,Dec,139117,19527,158644,269797,41925,311722,1.96
Hotels,2013,Nov,156933,26677,183610,329959,52661,382620,2.08
Hotels,2013,Oct,208133,81785,289918,432806,134712,567518,1.96
Hotels,2013,Sep,270135,122999,393134,578187,198426,776613,1.98
Hotels,2013,Aug,451989,125507,577496,1066191,220304,1286495,2.23
Hotels,2013,Jul,325560,102933,428493,723996,177972,901968,2.1
Hotels,2013,Jun,227905,114337,342242,435853,184894,620747,1.81
Hotels,2013,May,196695,107480,304175,396529,160847,557376,1.83
Hotels,2013,Apr,157662,58292,215954,317087,96028,413115,1.91
Hotels,2013,Mar,178499,34389,212888,347558,69053,416611,1.96
Hotels,2013,Feb,118884,19090,137974,231179,43089,274268,1.99
Hotels,2013,Jan,113740,15890,129630,215028,37602,252630,1.95
Hotels,2012,Dec,133041,22566,155607,252890,47885,300775,1.93
Hotels,2012,Nov,153029,25488,178517,322244,55094,377338,2.11
Hotels,2012,Oct,218505,73689,292194,467711,125785,593496,2.03
Hotels,2012,Sep,252680,113770,366450,548205,190141,738346,2.01
Hotels,2012,Aug,398558,114037,512595,990617,201591,1192208,2.33
Hotels,2012,Jul,293436,88763,382199,700690,157990,858680,2.25
Hotels,2012,Jun,226777,87989,314766,466852,154880,621732,1.98
Hotels,2012,May,182177,92498,274675,385255,144212,529467,1.93
Hotels,2012,Apr,206239,57924,264163,418134,98711,516845,1.96
Hotels,2012,Mar,156904,28623,185527,314351,53837,368188,1.98
Hotels,2012,Feb,138387,19718,158105,249599,44289,293888,1.86
Hotels,2012,Jan,113860,17688,131548,212237,40126,252363,1.92
Hotels,2011,Dec,140786,19958,160744,284170,40638,324808,2.02
Hotels,2011,Nov,151606,25147,176753,326234,53294,379528,2.15
Hotels,2011,Oct,232510,68945,301455,517250,115645,632895,2.1
Hotels,2011,Sep,275096,102556,377652,623876,165804,789680,2.09
Hotels,2011,Aug,417788,115487,533275,1030532,208201,1238733,2.32
Hotels,2011,Jul,343931,92280,436211,828596,166755,995351,2.28
Hotels,2011,Jun,243176,94352,337528,527578,160080,687658,2.04
Hotels,2011,May,201701,85954,287655,444578,139715,584293,2.03
Hotels,2011,Apr,215276,54829,270105,477139,96470,573609,2.12
Hotels,2011,Mar,160293,27610,187903,329759,55903,385662,2.05
Hotels,2011,Feb,132340,19199,151539,257635,44357,301992,1.99
Hotels,2011,Jan,116959,16289,133248,221052,43074,264126,1.98
Hotels,2010,Dec,166347,22758,189105,333406,46780,380186,2.01
Hotels,2010,Nov,186311,26297,212608,392694,53822,446516,2.1
Hotels,2010,Oct,291408,75055,366463,640473,137978,778451,2.12
Hotels,2010,Sep,326117,102155,428272,755947,180775,936722,2.19
Hotels,2010,Aug,451126,111030,562156,1153831,209372,1363203,2.42
Hotels,2010,Jul,364717,95953,460670,858602,182414,1041016,2.26
Hotels,2010,Jun,292478,87775,380253,639584,150768,790352,2.08
Hotels,2010,May,262904,91029,353933,558830,144302,703132,1.99
Hotels,2010,Apr,248503,53729,302232,531445,99875,631320,2.09
Hotels,2010,Mar,201437,28352,229789,409948,62717,472665,2.06
Hotels,2010,Feb,147111,23366,170477,287530,54271,341801,2.0
Hotels,2010,Jan,125731,17306,143037,245674,43100,288774,2.02
Hotels,2009,Dec,155555,23604,179159,313126,45518,358644,2.0
Hotels,2009,Nov,171658,27055,198713,364689,59618,424307,2.14
Hotels,2009,Oct,254540,69495,324035,563570,121471,685041,2.11
Hotels,2009,Sep,282148,83460,365608,643505,150910,794415,2.17
Hotels,2009,Aug,436526,89208,525734,1117813,164740,1282553,2.44
Hotels,2009,Jul,327882,77905,405787,806779,149924,956703,2.36
Hotels,2009,Jun,239428,76733,316161,543608,136212,679820,2.15
Hotels,2009,May,221102,75190,296292,481151,131560,612711,2.07
Hotels,2009,Apr,214435,47184,261619,468836,87697,556533,2.13
Hotels,2009,Mar,174744,26695,201439,368327,60314,428641,2.13
Hotels,2009,Feb,147568,25126,172694,297417,53911,351328,2.03
Hotels,2009,Jan,131600,20615,152215,261751,52008,313759,2.06
Hotels,2008,Dec,149259,24374,173633,312260,52473,364733,2.1
Hotels,2008,Nov,179452,30082,209534,389716,64758,454474,2.17
Hotels,2008,Oct,251234,63188,314422,560036,117453,677489,2.15
Hotels,2008,Sep,267969,84236,352205,623126,154864,777990,2.21
Hotels,2008,Aug,418257,92906,511163,1072448,179583,1252031,2.45
Hotels,2008,Jul,324767,80528,405295,799759,164380,964139,2.38
Hotels,2008,Jun,246229,79605,325834,556379,146056,702435,2.16
Hotels,2008,May,244517,86352,330869,534778,151093,685871,2.07
Hotels,2008,Apr,205601,56891,262492,429133,111997,541130,2.06
Hotels,2008,Mar,230286,38381,268667,503697,83854,587551,2.19
Hotels,2008,Feb,171467,29706,201173,343573,71962,415535,2.07
Hotels,2008,Jan,150410,27043,177453,309651,57337,366988,2.07
Hotels,2007,Dec,172760,29402,202162,350470,64540,415010,2.05
Hotels,2007,Nov,205599,35728,241327,434480,77109,511589,2.12
Hotels,2007,Oct,276480,76623,353103,596686,137922,734608,2.08
Hotels,2007,Sep,303405,89593,392998,678052,159532,837584,2.13
Hotels,2007,Aug,457726,102940,560666,1171552,196768,1368320,2.44
Hotels,2007,Jul,351175,85287,436462,836021,166534,1002555,2.3
Hotels,2007,Jun,258681,87262,345943,560940,167435,728375,2.11
Hotels,2007,May,222944,80021,302965,451964,147701,599665,1.98
Hotels,2007,Apr,252003,59545,311548,532241,112532,644773,2.07
Hotels,2007,Mar,202108,34004,236112,399393,75938,475331,2.01
Hotels,2007,Feb,154763,29110,183873,297623,65665,363288,1.98
Hotels,2007,Jan,150174,22191,172365,288996,54884,343880,2.0
Hotels,2006,Dec,165020,29890,194910,336119,56858,392977,2.02
Hotels,2006,Nov,188688,28609,217297,379884,62252,442136,2.03
Hotels,2006,Oct,246768,61369,308137,535246,111318,646564,2.1
Hotels,2006,Sep,286742,81536,368278,643269,145052,788321,2.14
Hotels,2006,Aug,442343,95480,537823,1170150,183759,1353909,2.52
Hotels,2006,Jul,356589,79455,436044,894305,158986,1053291,2.42
Hotels,2006,Jun,264688,72335,337023,559282,135348,694630,2.06
Hotels,2006,May,231881,69669,301550,475049,120865,595914,1.98
Hotels,2006,Apr,260980,56099,317079,544959,95036,639995,2.02
Hotels,2006,Mar,194813,28351,223164,388385,58458,446843,2.0
Hotels,2006,Feb,157591,27239,184830,307912,54223,362135,1.96
Hotels,2006,Jan,148675,24410,173085,290107,51223,341330,1.97
Hotels,2005,Dec,164919,30622,195541,330036,56508,386544,1.98
Hotels,2005,Nov,197524,33974,231498,392404,74247,466651,2.02
Hotels,2005,Oct,240793,60491,301284,509751,112714,622465,2.07
Hotels,2005,Sep,295630,76562,372192,671642,142141,813783,2.19
Hotels,2005,Aug,468195,94104,562299,1218855,186379,1405234,2.5
Hotels,2005,Jul,365832,78224,444056,873958,155130,1029088,2.32
Hotels,2005,Jun,254693,73130,327823,544703,141556,686259,2.09
Hotels,2005,May,223232,62221,285453,462027,108811,570838,2.0
Hotels,2005,Apr,200809,46791,247600,399133,85590,484723,1.96
Hotels,2005,Mar,214316,29215,243531,449375,51815,501190,2.06
Hotels,2005,Feb,146436,21723,168159,280656,42508,323164,1.92
Hotels,2005,Jan,130891,19574,150465,260905,43939,304844,2.03
Hotels,2004,Dec,172007,24298,196305,357886,44361,402247,2.05
Hotels,2004,Nov,193019,27273,220292,393148,54438,447586,2.03
Hotels,2004,Oct,290065,58544,348609,604603,109316,713919,2.05
Hotels,2004,Sep,338609,76224,414833,756724,146292,903016,2.18
Hotels,2004,Aug,468415,89248,557663,1174325,179329,1353654,2.43
Hotels,2004,Jul,361781,73944,435725,851761,150307,1002068,2.3
Hotels,2004,Jun,295654,69306,364960,639399,134977,774376,2.12
Hotels,2004,May,254221,60474,314695,525853,106010,631863,2.01
Hotels,2004,Apr,244930,39052,283982,498705,68085,566790,2.0
Hotels,2004,Mar,186054,23490,209544,374700,49958,424658,2.03
Hotels,2004,Feb,151684,27881,179565,297824,57470,355294,1.98
Hotels,2004,Jan,132698,17117,149815,261089,37396,298485,1.99
Hotels,2003,Dec,142905,23618,166523,282537,44825,327362,1.97
Hotels,2003,Nov,158651,28164,186815,332031,58651,390682,2.09
Hotels,2003,Oct,212470,46137,258607,452477,88338,540815,2.09
Hotels,2003,Sep,284889,74183,359072,612544,136980,749524,2.09
Hotels,2003,Aug,425793,88235,514028,1072956,171355,1244311,2.42
Hotels,2003,Jul,294373,62536,356909,676360,121978,798338,2.24
Hotels,2003,Jun,220996,57548,278544,466540,100109,566649,2.03
Hotels,2003,May,195477,53264,248741,407063,90099,497162,2.0
Hotels,2003,Apr,182461,42114,224575,371767,71032,442799,1.97
Hotels,2003,Mar,155501,24806,180307,312960,46516,359476,1.99
Hotels,2003,Feb,123509,15886,139395,246385,35896,282281,2.03
Hotels,2003,Jan,122462,15409,137871,247441,33460,280901,2.04
Hotels,2002,Dec,123353,22947,146300,275176,45146,320322,2.19
Hotels,2002,Nov,136043,20574,156617,326496,48371,374867,2.39
Hotels,2002,Oct,183697,40162,223859,454979,79410,534389,2.39
Hotels,2002,Sep,208683,60543,269226,532005,122168,654173,2.43
Hotels,2002,Aug,377593,78887,456480,1047092,165354,1212446,2.66
Hotels,2002,Jul,251747,56728,308475,660803,125335,786138,2.55
Hotels,2002,Jun,177250,53667,230917,438313,98374,536687,2.32
Hotels,2002,May,157533,48252,205785,390835,85721,476556,2.32
Hotels,2002,Apr,146223,38022,184245,348920,72547,421467,2.29
Hotels,2002,Mar,166786,24406,191192,393199,50341,443540,2.32
Hotels,2002,Feb,113314,17863,131177,244896,36035,280931,2.14
Hotels,2002,Jan,96185,11998,108183,196889,25169,222058,2.05
Hotels,2001,Dec,121860,20967,142827,259180,39328,298508,2.09
Hotels,2001,Nov,140210,21212,161422,307451,39454,346905,2.15
Hotels,2001,Oct,176900,40615,217515,409983,72332,482315,2.22
Hotels,2001,Sep,213581,54881,268462,525114,105840,630954,2.35
Hotels,2001,Aug,355364,72248,427612,1001757,154930,1156687,2.7
Hotels,2001,Jul,239528,59357,298885,620542,129386,749928,2.51
Hotels,2001,Jun,171601,52104,223705,396343,96290,492633,2.2
Hotels,2001,May,147902,42735,190637,342371,72837,415208,2.18
Hotels,2001,Apr,158236,34462,192698,368551,63699,432250,2.24
Hotels,2001,Mar,129918,23163,153081,286968,46066,333034,2.18
Hotels,2001,Feb,106581,24422,131003,225723,44113,269836,2.06
Hotels,2001,Jan,101507,10642,112149,219875,23445,243320,2.17
Campings,2022,Aug,94794,31544,126338,397102,72425,469527,3.72
Campings,2022,Jul,74792,16544,91336,322090,37542,359632,3.94
Campings,2022,Jun,28616,9856,38472,92308,19865,112173,2.92
Campings,2022,May,5202,4485,9687,23155,9375,32530,3.36
Campings,2022,Apr,6293,2647,8940,15418,5118,20536,2.3
Campings,2022,Mar,392,639,1031,724,1184,1908,1.85
Campings,2022,Feb,745,264,1009,1256,514,1770,1.75
Campings,2022,Jan,688,111,799,975,214,1189,1.49
Campings,2021,Dec,988,113,1101,1600,176,1776,1.61
Campings,2021,Nov,1118,743,1861,1747,1221,2968,1.6
Campings,2021,Oct,2176,1531,3707,4041,2827,6868,1.85
Campings,2021,Sep,18610,9378,27988,83856,23583,107439,3.84
Campings,2021,Aug,107957,17774,125731,402618,48227,450845,3.59
Campings,2021,Jul,73337,11927,85264,309554,26375,335929,3.94
Campings,2021,Jun,26720,4729,31449,86446,11266,97712,3.11
Campings,2021,May,5144,438,5582,9492,1004,10496,1.88
Campings,2021,Apr,2749,191,2940,5730,358,6088,2.07
Campings,2021,Mar,1490,0,1490,2763,0,2763,1.85
Campings,2021,Feb,85,0,85,192,0,192,2.26
Campings,2021,Jan,30,0,30,66,0,66,2.2
Campings,2020,Dec,-1,-1,-2,-1,-1,-2,1.0
Campings,2020,Nov,238,8,246,455,31,486,1.98
Campings,2020,Oct,870,103,973,1626,225,1851,1.9
Campings,2020,Sep,17797,1758,19555,77200,5103,82303,4.21
Campings,2020,Aug,70371,6547,76918,289778,17562,307340,4.0
Campings,2020,Jul,62247,4886,67133,251034,12278,263312,3.92
Campings,2020,Jun,16104,234,16338,48825,2447,51272,3.14
Campings,2020,May,-1,-1,-2,-1,-1,-2,1.0
Campings,2020,Apr,0,0,0,0,0,0,0.0
Campings,2020,Mar,15,0,15,23,0,23,1.52
Campings,2020,Feb,93,143,236,195,197,392,1.66
Campings,2020,Jan,41,166,207,152,216,368,1.78
Campings,2019,Dec,181,176,357,-1,-1,-2,1.91
Campings,2019,Nov,384,175,559,707,325,1032,1.85
Campings,2019,Oct,620,1291,1911,1208,2128,3336,1.75
Campings,2019,Sep,17812,12704,30516,77635,29160,106795,3.5
Campings,2019,Aug,81351,31948,113299,347344,78760,426104,3.76
Campings,2019,Jul,58891,16596,75487,271095,40783,311878,4.13
Campings,2019,Jun,24055,7858,31913,83672,15361,99033,3.1
Campings,2019,May,3496,4871,8367,8853,7974,16827,2.01
Campings,2019,Apr,3450,1579,5029,9297,2942,12239,2.43
Campings,2019,Mar,389,277,666,746,481,1227,1.84
Campings,2019,Feb,47,165,212,137,185,322,1.52
Campings,2019,Jan,52,56,108,150,76,226,2.09
Campings,2018,Dec,62,146,208,139,285,424,2.04
Campings,2018,Nov,223,70,293,392,190,582,1.99
Campings,2018,Oct,537,1088,1625,2046,1956,4002,2.46
Campings,2018,Sep,18264,12000,30264,62260,29546,91806,3.03
Campings,2018,Aug,86213,31304,117517,353616,80643,434259,3.7
Campings,2018,Jul,60056,15616,75672,264295,38370,302665,4.0
Campings,2018,Jun,17726,7339,25065,68362,16188,84550,3.37
Campings,2018,May,2084,3932,6016,8855,6782,15637,2.6
Campings,2018,Apr,1286,1356,2642,3447,2543,5990,2.27
Campings,2018,Mar,991,253,1244,2485,508,2993,2.41
Campings,2018,Feb,120,104,224,304,170,474,2.11
Campings,2018,Jan,45,65,110,47,139,186,1.69
Campings,2017,Dec,138,75,213,318,146,464,2.17
Campings,2017,Nov,299,138,437,568,322,890,2.04
Campings,2017,Oct,607,1452,2059,1454,2660,4114,2.0
Campings,2017,Sep,10170,11831,22001,46308,24512,70820,3.22
Campings,2017,Aug,86150,28970,115120,352287,68766,421053,3.66
Campings,2017,Jul,66151,15346,81497,275975,37406,313381,3.85
Campings,2017,Jun,19660,9645,29305,68944,18641,87585,2.99
Campings,2017,May,2755,3488,6243,7432,6460,13892,2.23
Campings,2017,Apr,4993,1894,6887,13490,3237,16727,2.43
Campings,2017,Mar,401,267,668,689,435,1124,1.68
Campings,2017,Feb,78,71,149,101,158,259,1.74
Campings,2017,Jan,30,85,115,43,208,251,2.18
Campings,2016,Dec,42,115,157,48,190,238,1.52
Campings,2016,Nov,365,127,492,629,269,898,1.83
Campings,2016,Oct,678,523,1201,1638,932,2570,2.14
Campings,2016,Sep,13465,10963,24428,47758,18414,66172,2.71
Campings,2016,Aug,85433,32262,117695,351846,81721,433567,3.68
Campings,2016,Jul,70732,19683,90415,293689,42931,336620,3.72
Campings,2016,Jun,20508,7785,28293,80529,15621,96150,3.4
Campings,2016,May,2206,2381,4587,7849,4510,12359,2.69
Campings,2016,Apr,1582,1051,2633,4864,2566,7430,2.82
Campings,2016,Mar,1605,475,2080,5104,652,5756,2.77
Campings,2016,Feb,127,136,263,216,241,457,1.74
Campings,2016,Jan,90,54,144,142,132,274,1.9
Campings,2015,Dec,191,43,234,385,101,486,2.08
Campings,2015,Nov,354,99,453,577,188,765,1.69
Campings,2015,Oct,377,456,833,707,953,1660,1.99
Campings,2015,Sep,10089,6549,16638,46226,16404,62630,3.76
Campings,2015,Aug,69708,23832,93540,303440,57209,360649,3.86
Campings,2015,Jul,60639,17075,77714,245386,35906,281292,3.62
Campings,2015,Jun,23349,6996,30345,81267,13481,94748,3.12
Campings,2015,May,3663,2564,6227,11285,5796,17081,2.74
Campings,2015,Apr,3100,823,3923,10666,1723,12389,3.16
Campings,2015,Mar,889,244,1133,1738,455,2193,1.94
Campings,2015,Feb,105,70,175,181,144,325,1.86
Campings,2015,Jan,96,59,155,181,124,305,1.97
Campings,2014,Dec,189,101,290,489,181,670,2.31
Campings,2014,Nov,382,196,578,696,233,929,1.61
Campings,2014,Oct,690,409,1099,1225,697,1922,1.75
Campings,2014,Sep,10677,4695,15372,48559,11236,59795,3.89
Campings,2014,Aug,78391,28053,106444,323592,66214,389806,3.66
Campings,2014,Jul,53254,14364,67618,232123,33164,265287,3.92
Campings,2014,Jun,12865,6519,19384,54204,14195,68399,3.53
Campings,2014,May,3650,2003,5653,9523,3600,13123,2.32
Campings,2014,Apr,2902,1165,4067,8148,2059,10207,2.51
Campings,2014,Mar,281,224,505,491,454,945,1.87
Campings,2014,Feb,140,51,191,186,76,262,1.37
Campings,2014,Jan,142,9,151,201,14,215,1.43
Campings,2013,Dec,271,53,324,511,156,667,2.06
Campings,2013,Nov,544,52,596,949,70,1019,1.71
Campings,2013,Oct,689,265,954,1172,574,1746,1.83
Campings,2013,Sep,11336,5635,16971,43693,12872,56565,3.33
Campings,2013,Aug,80322,27679,108001,329046,62083,391129,3.62
Campings,2013,Jul,51900,13721,65621,221873,29661,251534,3.83
Campings,2013,Jun,13835,5079,18914,55926,9098,65024,3.44
Campings,2013,May,2390,1891,4281,6756,3816,10572,2.47
Campings,2013,Apr,875,521,1396,3462,841,4303,3.08
Campings,2013,Mar,765,233,998,2552,348,2900,2.91
Campings,2013,Feb,153,42,195,231,111,342,1.75
Campings,2013,Jan,81,13,94,111,58,169,1.8
Campings,2012,Dec,226,49,275,465,92,557,2.03
Campings,2012,Nov,328,33,361,599,38,637,1.76
Campings,2012,Oct,702,316,1018,1400,469,1869,1.83
Campings,2012,Sep,12072,4289,16361,46232,11307,57539,3.52
Campings,2012,Aug,73727,25859,99586,314523,60465,374988,3.77
Campings,2012,Jul,54582,13978,68560,228721,32168,260889,3.81
Campings,2012,Jun,13277,4594,17871,56092,9858,65950,3.69
Campings,2012,May,1818,1477,3295,7342,2853,10195,3.09
Campings,2012,Apr,3130,978,4108,11412,1508,12920,3.15
Campings,2012,Mar,699,187,886,998,394,1392,1.57
Campings,2012,Feb,315,71,386,423,244,667,1.73
Campings,2012,Jan,177,30,207,250,137,387,1.87
Campings,2011,Dec,0,0,0,0,0,0,1.97
Campings,2011,Nov,316,76,392,465,133,598,1.53
Campings,2011,Oct,946,269,1215,1599,498,2097,1.73
Campings,2011,Sep,10443,4925,15368,45187,10229,55416,3.61
Campings,2011,Aug,82217,28283,110500,352613,61124,413737,3.74
Campings,2011,Jul,64405,15093,79498,253785,33510,287295,3.61
Campings,2011,Jun,14952,4713,19665,62310,12371,74681,3.8
Campings,2011,May,2723,1738,4461,9412,3755,13167,2.95
Campings,2011,Apr,3652,1060,4712,12280,1962,14242,3.02
Campings,2011,Mar,203,217,420,311,488,799,1.9
Campings,2011,Feb,298,54,352,489,68,557,1.58
Campings,2011,Jan,0,0,0,0,0,0,1.63
Campings,2010,Dec,73,74,147,147,175,322,2.19
Campings,2010,Nov,206,124,330,385,267,652,1.98
Campings,2010,Oct,853,199,1052,1819,529,2348,2.23
Campings,2010,Sep,11565,5816,17381,45963,15533,61496,3.54
Campings,2010,Aug,89594,29449,119043,375110,62585,437695,3.68
Campings,2010,Jul,60831,16586,77417,254211,33176,287387,3.71
Campings,2010,Jun,13130,4247,17377,53031,9411,62442,3.59
Campings,2010,May,3128,1551,4679,8285,2788,11073,2.37
Campings,2010,Apr,3057,1080,4137,9434,1533,10967,2.65
Campings,2010,Mar,1020,315,1335,1797,506,2303,1.73
Campings,2010,Feb,182,86,268,311,164,475,1.77
Campings,2010,Jan,68,98,166,149,161,310,1.87
Campings,2009,Dec,168,57,225,330,134,464,2.06
Campings,2009,Nov,265,82,347,453,255,708,2.04
Campings,2009,Oct,751,125,876,1520,387,1907,2.18
Campings,2009,Sep,11269,4579,15848,56598,11143,67741,4.27
Campings,2009,Aug,80466,22957,103423,344629,57073,401702,3.88
Campings,2009,Jul,54083,12752,66835,242211,30150,272361,4.08
Campings,2009,Jun,14204,4098,18302,57104,9427,66531,3.64
Campings,2009,May,2557,1577,4134,12137,2999,15136,3.66
Campings,2009,Apr,3595,817,4412,12663,1349,14012,3.18
Campings,2009,Mar,674,261,935,1189,528,1717,1.84
Campings,2009,Feb,236,120,356,402,176,578,1.62
Campings,2009,Jan,94,32,126,122,47,169,1.34
Campings,2008,Dec,152,69,221,333,99,432,1.95
Campings,2008,Nov,439,93,532,914,120,1034,1.94
Campings,2008,Oct,423,210,633,1005,486,1491,2.36
Campings,2008,Sep,8014,3418,11432,43293,9453,52746,4.61
Campings,2008,Aug,80646,25345,105991,337320,58375,395695,3.73
Campings,2008,Jul,58098,13446,71544,243620,34305,277925,3.88
Campings,2008,Jun,12418,4599,17017,51182,10692,61874,3.64
Campings,2008,May,1821,1731,3552,7617,3206,10823,3.05
Campings,2008,Apr,1315,813,2128,6812,2088,8900,4.18
Campings,2008,Mar,1646,605,2251,6100,1086,7186,3.19
Campings,2008,Feb,269,169,438,449,234,683,1.56
Campings,2008,Jan,225,179,404,315,218,533,1.32
Campings,2007,Dec,247,124,371,622,132,754,2.03
Campings,2007,Nov,1209,194,1403,2390,552,2942,2.1
Campings,2007,Oct,397,374,771,681,863,1544,2.0
Campings,2007,Sep,9314,4706,14020,38862,10858,49720,3.55
Campings,2007,Aug,81598,30497,112095,341069,69887,410956,3.67
Campings,2007,Jul,55075,14378,69453,234950,38939,273889,3.94
Campings,2007,Jun,10533,3607,14140,39274,9645,48919,3.46
Campings,2007,May,2526,1559,4085,6137,3912,10049,2.46
Campings,2007,Apr,3907,617,4524,10670,1688,12358,2.73
Campings,2007,Mar,115,142,257,1063,302,1365,5.31
Campings,2007,Feb,429,53,482,841,87,928,1.93
Campings,2007,Jan,294,14,308,591,23,614,2.0
Campings,2006,Dec,396,20,416,752,124,876,2.11
Campings,2006,Nov,410,86,496,673,163,836,1.69
Campings,2006,Oct,646,166,812,1522,326,1848,2.28
Campings,2006,Sep,8332,4292,12624,37120,9091,46211,3.66
Campings,2006,Aug,82593,28416,111009,340584,65438,406022,3.66
Campings,2006,Jul,63609,16246,79855,274771,42333,317104,3.97
Campings,2006,Jun,11251,4463,15714,45798,12750,58548,3.73
Campings,2006,May,2566,1342,3908,6030,3420,9450,2.42
Campings,2006,Apr,3624,963,4587,9671,2107,11778,2.57
Campings,2006,Mar,137,96,233,224,149,373,1.6
Campings,2006,Feb,215,117,332,396,156,552,1.66
Campings,2006,Jan,125,55,180,241,67,308,1.71
Campings,2005,Dec,216,0,216,472,75,547,2.53
Campings,2005,Nov,229,39,268,393,693,1086,4.05
Campings,2005,Oct,431,229,660,1047,849,1896,2.87
Campings,2005,Sep,9231,4736,13967,42760,8667,51427,3.68
Campings,2005,Aug,96589,32763,129352,384895,73531,458426,3.54
Campings,2005,Jul,71257,15263,86520,269761,36866,306627,3.54
Campings,2005,Jun,14797,6144,20941,46559,15214,61773,2.95
Campings,2005,May,1808,1120,2928,3869,2591,6460,2.21
Campings,2005,Apr,658,397,1055,1868,538,2406,2.28
Campings,2005,Mar,929,109,1038,3718,268,3986,3.84
Campings,2005,Feb,175,14,189,521,41,562,2.97
Campings,2005,Jan,172,87,259,367,161,528,2.04
Campings,2004,Dec,381,23,404,793,151,944,2.34
Campings,2004,Nov,352,118,470,602,313,915,1.95
Campings,2004,Oct,909,238,1147,2516,523,3039,2.65
Campings,2004,Sep,8508,3820,12328,41120,8255,49375,4.01
Campings,2004,Aug,82939,28275,111214,339293,66533,405826,3.65
Campings,2004,Jul,67187,15972,83159,253552,37772,291324,3.5
Campings,2004,Jun,12334,4345,16679,53842,12912,66754,4.0
Campings,2004,May,2861,940,3801,6777,2230,9007,2.37
Campings,2004,Apr,2703,473,3176,7320,1316,8636,2.72
Campings,2004,Mar,585,13,598,941,80,1021,1.71
Campings,2004,Feb,201,10,211,362,24,386,1.83
Campings,2004,Jan,145,0,145,234,0,234,1.61
Campings,2003,Dec,132,31,163,421,139,560,3.44
Campings,2003,Nov,388,3,391,618,86,704,1.8
Campings,2003,Sep,7155,4165,11320,32797,8285,41082,3.63
Campings,2003,Aug,78701,25830,104531,358026,58370,416396,3.98
Campings,2003,Jul,45216,10658,55874,216640,28521,245161,4.39
Campings,2003,Jun,9440,3053,12493,35201,5915,41116,3.29
Campings,2003,May,1926,1182,3108,4403,2139,6542,2.1
Campings,2003,Apr,1677,441,2118,5424,813,6237,2.94
Campings,2003,Mar,201,84,285,328,138,466,1.64
Campings,2003,Feb,647,2,649,2963,4,2967,4.57
Campings,2003,Jan,656,1534,2190,4192,3148,7340,6.39
Campings,2002,Dec,1293,0,1293,5722,0,5722,4.42
Campings,2002,Nov,189,0,189,364,0,364,1.93
Campings,2002,Oct,235,270,505,620,407,1027,2.04
Campings,2002,Sep,5803,3460,9263,24796,7823,32619,3.52
Campings,2002,Aug,71153,22214,93367,336645,62678,399323,4.28
Campings,2002,Jul,69373,16455,85828,299861,43733,343594,4.0
Campings,2002,Jun,10345,3120,13465,45972,6677,52649,3.91
Campings,2002,May,1213,921,2134,4296,1829,6125,2.87
Campings,2002,Apr,664,724,1388,1697,1371,3068,2.21
Campings,2002,Mar,1306,151,1457,4021,332,4353,2.99
Campings,2002,Feb,180,96,276,372,192,564,2.04
Campings,2002,Jan,155,0,155,248,0,248,1.6
Campings,2001,Dec,62,18,80,195,53,248,3.11
Campings,2001,Nov,309,9,318,621,9,630,1.99
Campings,2001,Oct,536,133,669,1293,368,1661,2.48
Campings,2001,Sep,6778,3124,9902,26425,7322,33747,3.41
Campings,2001,Aug,77658,22988,100646,338681,53292,391973,3.89
Campings,2001,Jul,54967,14735,69702,259453,36750,296203,4.25
Campings,2001,Jun,10239,3796,14035,43009,7656,50665,3.61
Campings,2001,May,841,523,1364,2701,1107,3808,2.79
Campings,2001,Apr,3244,617,3861,9103,1316,10419,2.7
Campings,2001,Mar,155,27,182,221,35,256,1.41
Campings,2001,Feb,104,44,148,176,84,260,1.76
Campings,2001,Jan,106,0,106,213,0,213,2.0
Apartments,2022,Aug,32584,5069,37653,142170,16516,158686,4.21
Apartments,2022,Jul,30211,5038,35249,115059,14961,130020,3.69
Apartments,2022,Jun,13979,4254,18233,38809,9946,48755,2.67
Apartments,2022,May,11629,3792,15421,27342,8823,36165,2.35
Apartments,2022,Apr,16270,2172,18442,36455,5212,41667,2.26
Apartments,2022,Mar,5616,512,6128,16326,2197,18523,3.02
Apartments,2022,Feb,7636,859,8495,19934,3341,23275,2.74
Apartments,2022,Jan,4582,373,4955,14765,2022,16787,3.39
Apartments,2021,Dec,7200,382,7582,22265,2375,24640,3.25
Apartments,2021,Nov,5393,570,5963,16483,3068,19551,3.28
Apartments,2021,Oct,12357,1600,13957,32570,4486,37056,2.65
Apartments,2021,Sep,17041,2104,19145,56489,5940,62429,3.26
Apartments,2021,Aug,30781,2008,32789,143306,7420,150726,4.6
Apartments,2021,Jul,27587,1750,29337,115341,6425,121766,4.15
Apartments,2021,Jun,12689,913,13602,39371,3309,42680,3.14
Apartments,2021,May,7821,291,8112,18727,1773,20500,2.53
Apartments,2021,Apr,6315,223,6538,16464,1842,18306,2.8
Apartments,2021,Mar,4197,170,4367,11169,970,12139,2.78
Apartments,2021,Feb,963,66,1029,7642,1012,8654,8.41
Apartments,2021,Jan,1850,135,1985,9750,1344,11094,5.59
Apartments,2020,Dec,2161,119,2280,11264,1145,12409,5.44
Apartments,2020,Nov,2204,286,2490,10071,1908,11979,4.81
Apartments,2020,Oct,5242,283,5525,15229,2331,17560,3.18
Apartments,2020,Sep,11974,1007,12981,37578,4710,42288,3.26
Apartments,2020,Aug,24949,1140,26089,114308,5727,120035,4.6
Apartments,2020,Jul,18529,1447,19976,78259,6719,84978,4.25
Apartments,2020,Jun,4930,726,5656,16895,5177,22072,3.9
Apartments,2020,May,-1,-1,-2,-1,-1,-2,5.92
Apartments,2020,Apr,0,0,0,0,0,0,0.0
Apartments,2020,Mar,1572,322,1894,7002,2264,9266,4.89
Apartments,2020,Feb,4719,1069,5788,13525,3947,17472,3.02
Apartments,2020,Jan,3928,562,4490,12357,2395,14752,3.29
Apartments,2019,Dec,5994,655,6649,16087,2083,18170,2.73
Apartments,2019,Nov,5371,657,6028,12802,1663,14465,2.4
Apartments,2019,Oct,9588,2803,12391,21696,5179,26875,2.17
Apartments,2019,Sep,15176,6021,21197,49890,13188,63078,2.98
Apartments,2019,Aug,24618,4391,29009,113901,16008,129909,4.48
Apartments,2019,Jul,20532,3262,23794,95737,12292,108029,4.54
Apartments,2019,Jun,9770,3611,13381,32303,7974,40277,3.01
Apartments,2019,May,7540,2216,9756,28271,4624,32895,3.37
Apartments,2019,Apr,8943,1606,10549,29729,4099,33828,3.21
Apartments,2019,Mar,4782,554,5336,11883,1499,13382,2.51
Apartments,2019,Feb,3366,436,3802,8509,1077,9586,2.52
Apartments,2019,Jan,3457,567,4024,8580,1297,9877,2.45
Apartments,2018,Dec,5188,575,5763,14011,1683,15694,2.72
Apartments,2018,Nov,4167,810,4977,10877,1809,12686,2.55
Apartments,2018,Oct,7357,2392,9749,20891,5208,26099,2.68
Apartments,2018,Sep,11289,4652,15941,40409,11643,52052,3.27
Apartments,2018,Aug,23759,4325,28084,108847,13928,122775,4.37
Apartments,2018,Jul,17810,3513,21323,82436,9868,92304,4.33
Apartments,2018,Jun,9639,2800,12439,26869,6916,33785,2.72
Apartments,2018,May,6883,4397,11280,16588,6999,23587,2.09
Apartments,2018,Apr,6743,2096,8839,17087,3881,20968,2.37
Apartments,2018,Mar,5982,803,6785,16461,1926,18387,2.71
Apartments,2018,Feb,3390,512,3902,9528,1901,11429,2.93
Apartments,2018,Jan,3147,466,3613,9025,1447,10472,2.9
Apartments,2017,Dec,4954,743,5697,14742,3017,17759,3.12
Apartments,2017,Nov,4149,814,4963,11567,2460,14027,2.83
Apartments,2017,Oct,8557,3319,11876,22125,7347,29472,2.48
Apartments,2017,Sep,11061,5881,16942,41128,13969,55097,3.25
Apartments,2017,Aug,22362,4973,27335,104466,16020,120486,4.41
Apartments,2017,Jul,18554,4589,23143,83872,16715,100587,4.35
Apartments,2017,Jun,9403,5675,15078,29533,12680,42213,2.8
Apartments,2017,May,6986,4116,11102,17843,7821,25664,2.31
Apartments,2017,Apr,10446,2499,12945,27725,5857,33582,2.59
Apartments,2017,Mar,4314,706,5020,12809,2390,15199,3.03
Apartments,2017,Feb,4881,836,5717,13087,2037,15124,2.65
Apartments,2017,Jan,3424,533,3957,10150,1653,11803,2.98
Apartments,2016,Dec,4582,734,5316,14158,1959,16117,3.03
Apartments,2016,Nov,4169,438,4607,12127,1327,13454,2.92
Apartments,2016,Oct,7709,2339,10048,20326,5844,26170,2.6
Apartments,2016,Sep,9778,3774,13552,34481,9048,43529,3.21
Apartments,2016,Aug,20699,3574,24273,100947,14163,115110,4.74
Apartments,2016,Jul,16454,3390,19844,77763,11292,89055,4.49
Apartments,2016,Jun,8941,3894,12835,27620,9107,36727,2.86
Apartments,2016,May,5944,3200,9144,16596,6398,22994,2.51
Apartments,2016,Apr,5130,1498,6628,14320,2840,17160,2.59
Apartments,2016,Mar,7614,746,8360,24385,1745,26130,3.13
Apartments,2016,Feb,5569,472,6041,13012,1290,14302,2.37
Apartments,2016,Jan,4297,401,4698,11227,1350,12577,2.68
Apartments,2015,Dec,3642,421,4063,10787,1069,11856,2.92
Apartments,2015,Nov,2993,260,3253,9137,910,10047,3.09
Apartments,2015,Oct,4301,1332,5633,12082,2215,14297,2.54
Apartments,2015,Sep,6982,2493,9475,25238,6385,31623,3.34
Apartments,2015,Aug,15569,2636,18205,84965,12270,97235,5.34
Apartments,2015,Jul,12751,1931,14682,64888,8157,73045,4.98
Apartments,2015,Jun,5357,2164,7521,20372,5148,25520,3.39
Apartments,2015,May,4487,2090,6577,11629,3716,15345,2.33
Apartments,2015,Apr,4805,839,5644,13698,1950,15648,2.77
Apartments,2015,Mar,3708,417,4125,9220,1265,10485,2.54
Apartments,2015,Feb,3492,300,3792,9961,775,10736,2.83
Apartments,2015,Jan,2256,198,2454,7639,649,8288,3.38
Apartments,2014,Dec,2919,177,3096,9013,513,9526,3.08
Apartments,2014,Nov,2303,95,2398,7633,418,8051,3.36
Apartments,2014,Oct,2786,535,3321,8099,1222,9321,2.81
Apartments,2014,Sep,5778,1393,7171,21821,4400,26221,3.66
Apartments,2014,Aug,12877,1741,14618,79467,9220,88687,6.07
Apartments,2014,Jul,9252,1404,10656,52542,6926,59468,5.58
Apartments,2014,Jun,3907,1242,5149,16164,3168,19332,3.75
Apartments,2014,May,3702,1150,4852,10134,2541,12675,2.61
Apartments,2014,Apr,4083,897,4980,12498,1862,14360,2.88
Apartments,2014,Mar,2701,313,3014,7720,772,8492,2.82
Apartments,2014,Feb,2313,282,2595,6445,860,7305,2.81
Apartments,2014,Jan,1886,221,2107,5920,729,6649,3.16
Apartments,2013,Dec,2974,282,3256,9980,1291,11271,3.46
Apartments,2013,Nov,2528,239,2767,7392,906,8298,3.0
Apartments,2013,Oct,3322,631,3953,9800,1827,11627,2.94
Apartments,2013,Sep,5518,1442,6960,21728,4571,26299,3.78
Apartments,2013,Aug,12332,1578,13910,65947,8458,74405,5.35
Apartments,2013,Jul,8171,1653,9824,41316,6149,47465,4.83
Apartments,2013,Jun,5204,1206,6410,15829,3251,19080,2.98
Apartments,2013,May,3570,1089,4659,9324,2664,11988,2.57
Apartments,2013,Apr,3080,513,3593,8006,1366,9372,2.61
Apartments,2013,Mar,2835,563,3398,8474,1675,10149,2.99
Apartments,2013,Feb,2265,470,2735,5605,1215,6820,2.49
Apartments,2013,Jan,1715,255,1970,4915,634,5549,2.82
Apartments,2012,Dec,2405,404,2809,7399,1467,8866,3.16
Apartments,2012,Nov,2514,250,2764,7445,1234,8679,3.14
Apartments,2012,Oct,2873,753,3626,8535,1908,10443,2.88
Apartments,2012,Sep,6406,1420,7826,23863,4630,28493,3.64
Apartments,2012,Aug,11459,1939,13398,63512,9227,72739,5.43
Apartments,2012,Jul,8066,1437,9503,40420,6484,46904,4.94
Apartments,2012,Jun,4431,1086,5517,14813,3609,18422,3.34
Apartments,2012,May,3117,833,3950,9989,2397,12386,3.14
Apartments,2012,Apr,4570,512,5082,16295,2032,18327,3.61
Apartments,2012,Mar,2949,276,3225,7956,1126,9082,2.82
Apartments,2012,Feb,1441,199,1640,4401,885,5286,3.22
Apartments,2012,Jan,1329,109,1438,4407,603,5010,3.48
Apartments,2011,Dec,1838,132,1970,6747,710,7457,3.78
Apartments,2011,Nov,1580,118,1698,5428,714,6142,3.62
Apartments,2011,Oct,2658,563,3221,7508,1778,9286,2.88
Apartments,2011,Sep,4928,716,5644,18183,2606,20789,3.68
Apartments,2011,Aug,10223,1243,11466,57889,6517,64406,5.62
Apartments,2011,Jul,8294,1000,9294,46299,5442,51741,5.57
Apartments,2011,Jun,4204,1168,5372,14614,3460,18074,3.36
Apartments,2011,May,2897,405,3302,9304,1439,10743,3.25
Apartments,2011,Apr,3886,310,4196,11984,1062,13046,3.11
Apartments,2011,Mar,1703,173,1876,6980,804,7784,4.15
Apartments,2011,Feb,1484,166,1650,5120,1306,6426,3.89
Apartments,2011,Jan,1454,218,1672,5138,1112,6250,3.74
Apartments,2010,Dec,2169,295,2464,7545,1425,8970,3.64
Apartments,2010,Nov,1378,204,1582,4834,828,5662,3.58
Apartments,2010,Oct,3073,509,3582,8818,1596,10414,2.91
Apartments,2010,Sep,5138,806,5944,20010,3256,23266,3.91
Apartments,2010,Aug,8933,1089,10022,58858,5645,64503,6.44
Apartments,2010,Jul,6928,833,7761,41714,3861,45575,5.87
Apartments,2010,Jun,3702,734,4436,12372,2940,15312,3.45
Apartments,2010,May,2983,623,3606,7425,1974,9399,2.61
Apartments,2010,Apr,2948,296,3244,9434,1536,10970,3.38
Apartments,2010,Mar,2022,273,2295,5752,1724,7476,3.26
Apartments,2010,Feb,1336,610,1946,4204,2290,6494,3.34
Apartments,2010,Jan,1342,89,1431,4554,1217,5771,4.03
Apartments,2009,Dec,2520,280,2800,7474,1146,8620,3.08
Apartments,2009,Nov,1114,78,1192,4277,1138,5415,4.54
Apartments,2009,Oct,3236,436,3672,9116,1802,10918,2.97
Apartments,2009,Sep,4166,638,4804,16894,2448,19342,4.03
Apartments,2009,Aug,8653,977,9630,57080,6170,63250,6.57
Apartments,2009,Jul,6436,649,7085,36946,4110,41056,5.8
Apartments,2009,Jun,3126,844,3970,12064,3548,15612,3.93
Apartments,2009,May,2580,490,3070,8413,1978,10391,3.38
Apartments,2009,Apr,3560,336,3896,11196,1806,13002,3.34
Apartments,2009,Mar,1803,229,2032,5954,1808,7762,3.82
Apartments,2009,Feb,1418,504,1922,5074,2466,7540,3.92
Apartments,2009,Jan,1462,317,1779,4933,1672,6605,3.71
Apartments,2008,Dec,2100,384,2484,6312,1873,8185,3.29
Apartments,2008,Nov,1338,212,1550,4742,1490,6232,4.02
Apartments,2008,Oct,1887,350,2237,6577,1479,8056,3.6
Apartments,2008,Sep,3362,714,4076,13774,2578,16352,4.01
Apartments,2008,Aug,7910,1217,9127,52751,6442,59193,6.49
Apartments,2008,Jul,6121,732,6853,36698,4468,41166,6.01
Apartments,2008,Jun,2758,664,3422,11818,3366,15184,4.44
Apartments,2008,May,2431,606,3037,7922,3442,11364,3.74
Apartments,2008,Apr,1796,450,2246,5356,2408,7764,3.46
Apartments,2008,Mar,3030,524,3554,9729,2731,12460,3.51
Apartments,2008,Feb,1863,537,2400,5822,2377,8199,3.42
Apartments,2008,Jan,1866,583,2449,5313,2210,7523,3.07
Apartments,2007,Dec,1849,374,2223,5835,2024,7859,3.54
Apartments,2007,Nov,1238,184,1422,4416,1402,5818,4.09
Apartments,2007,Oct,1972,323,2295,6072,2170,8242,3.59
Apartments,2007,Sep,3342,666,4008,15970,3148,19118,4.77
Apartments,2007,Aug,7515,953,8468,54211,6045,60256,7.12
Apartments,2007,Jul,6216,765,6981,37421,4236,41657,5.97
Apartments,2007,Jun,2852,570,3422,9738,2732,12470,3.64
Apartments,2007,May,1974,427,2401,5601,2622,8223,3.43
Apartments,2007,Apr,2978,434,3412,8388,2640,11028,3.23
Apartments,2007,Mar,1494,308,1802,5165,2149,7314,4.06
Apartments,2007,Feb,1292,356,1648,4646,2200,6846,4.15
Apartments,2007,Jan,1585,358,1943,3730,1618,5348,2.75
Apartments,2006,Dec,1632,432,2064,5767,1670,7437,3.6
Apartments,2006,Nov,1064,96,1160,4706,1056,5762,4.97
Apartments,2006,Oct,2518,223,2741,8436,1220,9656,3.52
Apartments,2006,Sep,2884,524,3408,12636,2032,14668,4.3
Apartments,2006,Aug,7186,821,8007,45651,3948,49599,6.2
Apartments,2006,Jul,7003,828,7831,34789,4656,39445,5.04
Apartments,2006,Jun,2524,434,2958,8746,2602,11348,3.84
Apartments,2006,May,1516,388,1904,5221,1963,7184,3.77
Apartments,2006,Apr,2584,300,2884,7762,1444,9206,3.19
Apartments,2006,Mar,1173,149,1322,4990,1035,6025,4.56
Apartments,2006,Feb,1384,354,1738,5752,1818,7570,4.36
Apartments,2006,Jan,1524,441,1965,4857,2015,6872,3.5
Apartments,2005,Dec,1401,428,1829,5647,2476,8123,4.44
Apartments,2005,Nov,1258,84,1342,5138,1162,6300,4.69
Apartments,2005,Oct,1418,193,1611,5735,2231,7966,4.94
Apartments,2005,Sep,2594,224,2818,13420,2100,15520,5.51
Apartments,2005,Aug,6070,609,6679,48514,4208,52722,7.89
Apartments,2005,Jul,5418,708,6126,35168,4899,40067,6.54
Apartments,2005,Jun,2236,498,2734,7136,3540,10676,3.9
Apartments,2005,May,1420,447,1867,4381,3756,8137,4.36
Apartments,2005,Apr,914,306,1220,3410,2802,6212,5.09
Apartments,2005,Mar,1704,376,2080,5898,2195,8093,3.89
Apartments,2005,Feb,1084,332,1416,3830,1852,5682,4.01
Apartments,2005,Jan,815,378,1193,3191,2090,5281,4.42
Apartments,2004,Dec,1527,378,1905,5993,1677,7670,4.03
Apartments,2004,Nov,721,106,827,2560,1100,3660,4.43
Apartments,2004,Oct,1985,127,2112,6552,951,7503,3.55
Apartments,2004,Sep,2016,192,2208,9661,1498,11159,5.05
Apartments,2004,Aug,4388,332,4720,38401,3079,41480,8.79
Apartments,2004,Jul,3840,355,4195,25641,2598,28239,6.73
Apartments,2004,Jun,2370,284,2654,8416,1507,9923,3.74
Apartments,2004,May,1237,183,1420,4188,1101,5289,3.73
Apartments,2004,Apr,1518,208,1726,6632,1104,7736,4.48
Apartments,2004,Mar,734,108,842,3723,978,4701,5.58
Apartments,2004,Feb,742,259,1001,3407,1224,4631,4.62
Apartments,2004,Jan,647,197,844,2847,856,3703,4.39
Apartments,2003,Dec,1118,381,1499,3839,1854,5693,3.8
Apartments,2003,Nov,688,36,724,2544,560,3104,4.29
Apartments,2003,Oct,676,57,733,2419,686,3105,4.24
Apartments,2003,Sep,1662,185,1847,8802,1327,10129,5.48
Apartments,2003,Aug,5158,189,5347,33735,2111,35846,6.7
Apartments,2003,Jul,3064,200,3264,19762,1480,21242,6.51
Apartments,2003,Jun,1948,130,2078,5752,1058,6810,3.28
Apartments,2003,May,1309,130,1439,3737,798,4535,3.15
Apartments,2003,Apr,2358,96,2454,6770,652,7422,3.02
Apartments,2003,Mar,926,224,1150,4007,935,4942,4.3
Apartments,2003,Feb,1039,466,1505,3290,1303,4593,3.05
Apartments,2003,Jan,1320,485,1805,3926,1391,5317,2.95
Apartments,2002,Dec,1009,383,1392,3554,1262,4816,3.46
Apartments,2002,Nov,690,10,700,2528,370,2898,4.14
Apartments,2002,Oct,869,55,924,3718,632,4350,4.7
Apartments,2002,Sep,1916,208,2124,8758,1110,9868,4.65
Apartments,2002,Aug,5487,694,6181,37421,3634,41055,6.64
Apartments,2002,Jul,2961,398,3359,21533,3348,24881,7.41
Apartments,2002,Jun,1690,246,1936,5762,1762,7524,3.89
Apartments,2002,May,1704,120,1824,5692,717,6409,3.52
Apartments,2002,Apr,1588,266,1854,4626,898,5524,2.98
Apartments,2002,Mar,2036,376,2412,6256,988,7244,3.0
Apartments,2002,Feb,1011,247,1258,3723,1028,4751,3.78
Apartments,2002,Jan,1032,349,1381,3400,824,4224,3.06
Apartments,2001,Dec,816,264,1080,3550,808,4358,4.04
Apartments,2001,Nov,526,4,530,3026,172,3198,6.03
Apartments,2001,Oct,655,200,855,3077,885,3962,4.64
Apartments,2001,Sep,2576,146,2722,10236,1254,11490,4.22
Apartments,2001,Aug,4183,250,4433,31151,2982,34133,7.7
Apartments,2001,Jul,3110,368,3478,24360,3143,27503,7.91
Apartments,2001,Jun,1389,165,1554,6371,1013,7384,4.75
Apartments,2001,May,1711,72,1783,5679,496,6175,3.46
Apartments,2001,Apr,2064,240,2304,7110,1208,8318,3.61
Apartments,2001,Mar,1389,327,1716,5154,1087,6241,3.64
Apartments,2001,Feb,1086,480,1566,4224,1498,5722,3.65
Apartments,2001,Jan,1240,537,1777,4055,1676,5731,3.23
Rural Tourism,2022,Aug,30362,10168,40530,81935,18976,100911,2.49
Rural Tourism,2022,Jul,21855,8461,30316,52202,16004,68206,2.25
Rural Tourism,2022,Jun,14301,7503,21804,25203,9626,34829,1.6
Rural Tourism,2022,May,12934,9716,22650,19445,11792,31237,1.38
Rural Tourism,2022,Apr,13446,5647,19093,24552,7273,31825,1.67
Rural Tourism,2022,Mar,4582,665,5247,6821,925,7746,1.48
Rural Tourism,2022,Feb,3964,518,4482,6452,785,7237,1.61
Rural Tourism,2022,Jan,2946,214,3160,4498,320,4818,1.52
Rural Tourism,2021,Dec,7460,623,8083,13992,1368,15360,1.9
Rural Tourism,2021,Nov,7383,1092,8475,12503,1976,14479,1.71
Rural Tourism,2021,Oct,15692,3860,19552,26893,5278,32171,1.65
Rural Tourism,2021,Sep,19350,5491,24841,36763,7401,44164,1.78
Rural Tourism,2021,Aug,36573,4504,41077,99439,8605,108044,2.63
Rural Tourism,2021,Jul,25411,2474,27885,59346,4819,64165,2.3
Rural Tourism,2021,Jun,10416,1142,11558,17962,1761,19723,1.71
Rural Tourism,2021,May,8227,445,8672,12020,675,12695,1.46
Rural Tourism,2021,Apr,5358,211,5569,9000,850,9850,1.77
Rural Tourism,2021,Mar,3226,103,3329,5202,163,5365,1.61
Rural Tourism,2021,Feb,292,0,292,768,0,768,2.63
Rural Tourism,2021,Jan,597,4,601,1253,8,1261,2.1
Rural Tourism,2020,Dec,1414,15,1429,2510,21,2531,1.77
Rural Tourism,2020,Nov,-1,-1,-2,-1,-1,-2,1.8
Rural Tourism,2020,Oct,5923,221,6144,10408,396,10804,1.76
Rural Tourism,2020,Sep,10625,905,11530,21641,1401,23042,2.0
Rural Tourism,2020,Aug,26122,1968,28090,75147,4605,79752,2.84
Rural Tourism,2020,Jul,14506,970,15476,39973,2783,42756,2.76
Rural Tourism,2020,Jun,3585,48,3633,7539,70,7609,2.09
Rural Tourism,2020,May,-1,-1,-2,-1,-1,-2,1.35
Rural Tourism,2020,Apr,-1,-1,-2,-1,-1,-2,1.0
Rural Tourism,2020,Mar,1151,228,1379,1838,254,2092,1.52
Rural Tourism,2020,Feb,4833,593,5426,7445,773,8218,1.51
Rural Tourism,2020,Jan,3549,489,4038,5439,634,6073,1.5
Rural Tourism,2019,Dec,8055,988,9043,15556,1582,17138,1.9
Rural Tourism,2019,Nov,7445,1203,8648,11908,1657,13565,1.57
Rural Tourism,2019,Oct,11482,7310,18792,18588,8956,27544,1.47
Rural Tourism,2019,Sep,16084,12884,28968,29322,17069,46391,1.6
Rural Tourism,2019,Aug,34278,9801,44079,92647,19867,112514,2.55
Rural Tourism,2019,Jul,20847,8516,29363,50196,16955,67151,2.29
Rural Tourism,2019,Jun,15416,11341,26757,25416,15280,40696,1.52
Rural Tourism,2019,May,12270,11166,23436,19041,16933,35974,1.53
Rural Tourism,2019,Apr,13520,6047,19567,25230,9133,34363,1.76
Rural Tourism,2019,Mar,7090,1178,8268,11326,2402,13728,1.66
Rural Tourism,2019,Feb,5374,559,5933,8041,1887,9928,1.67
Rural Tourism,2019,Jan,3959,566,4525,7121,875,7996,1.77
Rural Tourism,2018,Dec,8457,949,9406,15403,2152,17555,1.87
Rural Tourism,2018,Nov,8653,1400,10053,14413,2443,16856,1.68
Rural Tourism,2018,Oct,12952,7974,20926,21943,11436,33379,1.6
Rural Tourism,2018,Sep,18060,11416,29476,32737,16726,49463,1.68
Rural Tourism,2018,Aug,32012,9301,41313,87484,21967,109451,2.65
Rural Tourism,2018,Jul,19928,7843,27771,45155,15637,60792,2.19
Rural Tourism,2018,Jun,14982,8539,23521,24383,13342,37725,1.6
Rural Tourism,2018,May,11897,8964,20861,18919,11988,30907,1.48
Rural Tourism,2018,Apr,9128,3793,12921,15520,5469,20989,1.62
Rural Tourism,2018,Mar,10626,1669,12295,20288,2817,23105,1.88
Rural Tourism,2018,Feb,5343,857,6200,8972,1630,10602,1.71
Rural Tourism,2018,Jan,3962,580,4542,6169,1119,7288,1.6
Rural Tourism,2017,Dec,8857,598,9455,19428,1496,20924,2.21
Rural Tourism,2017,Nov,7800,945,8745,12758,1805,14563,1.67
Rural Tourism,2017,Oct,13123,5654,18777,24210,9246,33456,1.78
Rural Tourism,2017,Sep,17945,9701,27646,35247,16098,51345,1.86
Rural Tourism,2017,Aug,32464,9190,41654,95040,24130,119170,2.86
Rural Tourism,2017,Jul,23542,8309,31851,57006,19070,76076,2.39
Rural Tourism,2017,Jun,14223,8410,22633,24864,13978,38842,1.72
Rural Tourism,2017,May,10069,8013,18082,15662,12340,28002,1.55
Rural Tourism,2017,Apr,15625,4391,20016,31194,7180,38374,1.92
Rural Tourism,2017,Mar,6687,974,7661,10142,1447,11589,1.51
Rural Tourism,2017,Feb,4722,782,5504,7330,1504,8834,1.6
Rural Tourism,2017,Jan,4106,388,4494,7178,687,7865,1.75
Rural Tourism,2016,Dec,8122,949,9071,14989,2073,17062,1.88
Rural Tourism,2016,Nov,6516,956,7472,10309,2149,12458,1.67
Rural Tourism,2016,Oct,13217,6253,19470,23115,9875,32990,1.69
Rural Tourism,2016,Sep,16845,11347,28192,32732,17813,50545,1.79
Rural Tourism,2016,Aug,32764,10016,42780,94903,24092,118995,2.78
Rural Tourism,2016,Jul,22229,9407,31636,52104,22348,74452,2.35
Rural Tourism,2016,Jun,14222,7351,21573,24745,12638,37383,1.73
Rural Tourism,2016,May,10359,8493,18852,16112,11456,27568,1.46
Rural Tourism,2016,Apr,7369,3628,10997,10709,4699,15408,1.4
Rural Tourism,2016,Mar,11133,1224,12357,22056,2120,24176,1.96
Rural Tourism,2016,Feb,5697,246,5943,8235,450,8685,1.46
Rural Tourism,2016,Jan,4908,130,5038,7298,183,7481,1.48
Rural Tourism,2015,Dec,7450,288,7738,14084,613,14697,1.9
Rural Tourism,2015,Nov,7340,355,7695,12158,509,12667,1.65
Rural Tourism,2015,Oct,12675,5008,17683,21069,6478,27547,1.56
Rural Tourism,2015,Sep,15243,9117,24360,28092,12553,40645,1.67
Rural Tourism,2015,Aug,33010,7123,40133,85049,15418,100467,2.5
Rural Tourism,2015,Jul,19700,6631,26331,43774,13901,57675,2.19
Rural Tourism,2015,Jun,12450,6995,19445,21289,9748,31037,1.6
Rural Tourism,2015,May,10532,7021,17553,16442,9153,25595,1.46
Rural Tourism,2015,Apr,10496,2394,12890,19614,3255,22869,1.77
Rural Tourism,2015,Mar,9250,605,9855,13957,910,14867,1.51
Rural Tourism,2015,Feb,5817,164,5981,8055,351,8406,1.41
Rural Tourism,2015,Jan,3515,149,3664,5512,251,5763,1.57
Rural Tourism,2014,Dec,7124,271,7395,12564,461,13025,1.76
Rural Tourism,2014,Nov,6509,269,6778,9851,461,10312,1.52
Rural Tourism,2014,Oct,9149,2575,11724,15004,3915,18919,1.61
Rural Tourism,2014,Sep,13103,6468,19571,25600,9472,35072,1.79
Rural Tourism,2014,Aug,28286,6293,34579,76269,13706,89975,2.6
Rural Tourism,2014,Jul,17005,4604,21609,39369,9927,49296,2.28
Rural Tourism,2014,Jun,10307,4658,14965,17935,6765,24700,1.65
Rural Tourism,2014,May,9832,5591,15423,15371,7158,22529,1.46
Rural Tourism,2014,Apr,9059,2085,11144,18216,3975,22191,1.99
Rural Tourism,2014,Mar,6054,633,6687,10177,938,11115,1.66
Rural Tourism,2014,Feb,4237,61,4298,6174,97,6271,1.46
Rural Tourism,2014,Jan,2706,114,2820,4726,158,4884,1.73
Rural Tourism,2013,Dec,6933,156,7089,11856,578,12434,1.75
Rural Tourism,2013,Nov,7194,194,7388,11828,419,12247,1.66
Rural Tourism,2013,Oct,7541,2583,10124,12346,3783,16129,1.59
Rural Tourism,2013,Sep,11602,4242,15844,22233,6475,28708,1.81
Rural Tourism,2013,Aug,25301,3894,29195,69570,10510,80080,2.74
Rural Tourism,2013,Jul,13453,3183,16636,31832,7181,39013,2.35
Rural Tourism,2013,Jun,8922,2874,11796,14830,5047,19877,1.69
Rural Tourism,2013,May,7227,2755,9982,12134,3753,15887,1.59
Rural Tourism,2013,Apr,4057,1649,5706,6424,2255,8679,1.52
Rural Tourism,2013,Mar,7730,471,8201,14817,713,15530,1.89
Rural Tourism,2013,Feb,4664,116,4780,6477,203,6680,1.4
Rural Tourism,2013,Jan,2382,57,2439,3722,163,3885,1.59
Rural Tourism,2012,Dec,8823,108,8931,12964,146,13110,1.47
Rural Tourism,2012,Nov,6233,403,6636,10304,684,10988,1.66
Rural Tourism,2012,Oct,11235,2023,13258,18957,2599,21556,1.63
Rural Tourism,2012,Sep,11061,4738,15799,20215,7935,28150,1.78
Rural Tourism,2012,Aug,22296,4258,26554,62665,11772,74437,2.8
Rural Tourism,2012,Jul,13761,4444,18205,29260,9811,39071,2.15
Rural Tourism,2012,Jun,8579,4035,12614,14921,6032,20953,1.66
Rural Tourism,2012,May,7821,3654,11475,13035,4893,17928,1.56
Rural Tourism,2012,Apr,10001,1566,11567,20545,2754,23299,2.01
Rural Tourism,2012,Mar,6255,244,6499,8862,378,9240,1.42
Rural Tourism,2012,Feb,4397,187,4584,6355,412,6767,1.48
Rural Tourism,2012,Jan,3231,148,3379,5052,201,5253,1.55
Rural Tourism,2011,Dec,7592,257,7849,14161,660,14821,1.89
Rural Tourism,2011,Nov,6792,147,6939,10972,233,11205,1.61
Rural Tourism,2011,Oct,11750,1928,13678,19396,3070,22466,1.64
Rural Tourism,2011,Sep,11368,4433,15801,21165,6584,27749,1.76
Rural Tourism,2011,Aug,25066,4171,29237,79196,11573,90769,3.1
Rural Tourism,2011,Jul,17261,2684,19945,36652,7733,44385,2.23
Rural Tourism,2011,Jun,10817,2942,13759,18992,3904,22896,1.66
Rural Tourism,2011,May,8126,3059,11185,13870,3726,17596,1.57
Rural Tourism,2011,Apr,10783,755,11538,20745,1110,21855,1.89
Rural Tourism,2011,Mar,5830,175,6005,9828,361,10189,1.7
Rural Tourism,2011,Feb,3664,60,3724,5574,88,5662,1.52
Rural Tourism,2011,Jan,3482,93,3575,5193,216,5409,1.51
Rural Tourism,2010,Dec,10561,322,10883,20514,1240,21754,2.0
Rural Tourism,2010,Nov,9725,344,10069,15459,410,15869,1.58
Rural Tourism,2010,Oct,17848,2263,20111,32245,3227,35472,1.76
Rural Tourism,2010,Sep,17730,4332,22062,30455,8229,38684,1.75
Rural Tourism,2010,Aug,30797,4451,35248,87731,11147,98878,2.81
Rural Tourism,2010,Jul,22498,3120,25618,50240,8283,58523,2.28
Rural Tourism,2010,Jun,14870,2567,17437,25982,4513,30495,1.75
Rural Tourism,2010,May,13943,3843,17786,23026,4730,27756,1.56
Rural Tourism,2010,Apr,12841,1314,14155,24933,2205,27138,1.92
Rural Tourism,2010,Mar,9578,202,9780,17186,487,17673,1.81
Rural Tourism,2010,Feb,5120,266,5386,8294,644,8938,1.66
Rural Tourism,2010,Jan,4776,131,4907,7807,367,8174,1.67
Rural Tourism,2009,Dec,11325,459,11784,21003,982,21985,1.87
Rural Tourism,2009,Nov,8843,285,9128,13915,1051,14966,1.64
Rural Tourism,2009,Oct,14188,2122,16310,25584,3000,28584,1.75
Rural Tourism,2009,Sep,15004,2867,17871,29761,3815,33576,1.88
Rural Tourism,2009,Aug,32245,3244,35489,95200,7004,102204,2.88
Rural Tourism,2009,Jul,20125,2450,22575,46705,4797,51502,2.28
Rural Tourism,2009,Jun,12154,2355,14509,22658,4410,27068,1.87
Rural Tourism,2009,May,11129,3469,14598,20965,4765,25730,1.76
Rural Tourism,2009,Apr,13106,1255,14361,26922,2402,29324,2.04
Rural Tourism,2009,Mar,8992,235,9227,15717,368,16085,1.74
Rural Tourism,2009,Feb,6584,94,6678,10495,235,10730,1.61
Rural Tourism,2009,Jan,4375,38,4413,7281,174,7455,1.69
Rural Tourism,2008,Dec,11567,237,11804,21388,621,22009,1.86
Rural Tourism,2008,Nov,9813,166,9979,16328,392,16720,1.68
Rural Tourism,2008,Oct,11430,1293,12723,20741,1931,22672,1.78
Rural Tourism,2008,Sep,13996,3254,17250,28143,6239,34382,1.99
Rural Tourism,2008,Aug,27840,3113,30953,88347,9429,97776,3.16
Rural Tourism,2008,Jul,16717,2781,19498,44939,6546,51485,2.64
Rural Tourism,2008,Jun,10783,2603,13386,21498,4622,26120,1.95
Rural Tourism,2008,May,12053,2849,14902,23196,4089,27285,1.83
Rural Tourism,2008,Apr,7611,1582,9193,13696,2626,16322,1.78
Rural Tourism,2008,Mar,12501,497,12998,29132,907,30039,2.31
Rural Tourism,2008,Feb,6697,114,6811,11102,346,11448,1.68
Rural Tourism,2008,Jan,4088,114,4202,7610,346,7956,1.89
Rural Tourism,2007,Dec,9832,306,10138,20162,625,20787,2.05
Rural Tourism,2007,Nov,9631,264,9895,17551,561,18112,1.83
Rural Tourism,2007,Oct,12654,1463,14117,24776,2576,27352,1.94
Rural Tourism,2007,Sep,14479,3401,17880,31647,5409,37056,2.07
Rural Tourism,2007,Aug,32225,3270,35495,97418,8041,105459,2.97
Rural Tourism,2007,Jul,17865,2936,20801,46075,6601,52676,2.53
Rural Tourism,2007,Jun,12167,2646,14813,21491,4586,26077,1.76
Rural Tourism,2007,May,9416,2977,12393,17284,4198,21482,1.73
Rural Tourism,2007,Apr,13713,1068,14781,31583,2009,33592,2.27
Rural Tourism,2007,Mar,8245,384,8629,14516,584,15100,1.75
Rural Tourism,2007,Feb,5634,175,5809,9332,438,9770,1.68
Rural Tourism,2007,Jan,4419,126,4545,8248,322,8570,1.89
Rural Tourism,2006,Dec,10070,437,10507,20433,867,21300,2.03
Rural Tourism,2006,Nov,7036,191,7227,12013,358,12371,1.71
Rural Tourism,2006,Oct,10031,1115,11146,19263,2760,22023,1.98
Rural Tourism,2006,Sep,12405,2615,15020,25667,4408,30075,2.0
Rural Tourism,2006,Aug,29044,3593,32637,95839,8812,104651,3.21
Rural Tourism,2006,Jul,19011,2851,21862,48583,6294,54877,2.51
Rural Tourism,2006,Jun,10713,1944,12657,19415,3558,22973,1.82
Rural Tourism,2006,May,8780,1938,10718,14846,3528,18374,1.71
Rural Tourism,2006,Apr,15184,719,15903,32946,1224,34170,2.15
Rural Tourism,2006,Mar,6512,260,6772,11356,498,11854,1.75
Rural Tourism,2006,Feb,6269,273,6542,10380,574,10954,1.67
Rural Tourism,2006,Jan,4851,69,4920,8281,352,8633,1.75
Rural Tourism,2005,Dec,8877,172,9049,17002,701,17703,1.96
Rural Tourism,2005,Nov,7489,288,7777,12992,882,13874,1.78
Rural Tourism,2005,Oct,10876,806,11682,20389,1548,21937,1.88
Rural Tourism,2005,Sep,13673,2071,15744,28931,3554,32485,2.06
Rural Tourism,2005,Aug,29741,2140,31881,97977,5751,103728,3.25
Rural Tourism,2005,Jul,19244,2432,21676,48420,6177,54597,2.52
Rural Tourism,2005,Jun,9635,1963,11598,17683,3908,21591,1.86
Rural Tourism,2005,May,9461,1631,11092,16529,2809,19338,1.74
Rural Tourism,2005,Apr,7383,460,7843,11905,828,12733,1.62
Rural Tourism,2005,Mar,10739,407,11146,23345,977,24322,2.18
Rural Tourism,2005,Feb,5013,167,5180,7907,298,8205,1.58
Rural Tourism,2005,Jan,4435,110,4545,7075,598,7673,1.69
Rural Tourism,2004,Dec,9927,215,10142,20058,730,20788,2.05
Rural Tourism,2004,Nov,6904,310,7214,11760,547,12307,1.71
Rural Tourism,2004,Oct,14469,1159,15628,27553,2200,29753,1.9
Rural Tourism,2004,Sep,14703,1794,16497,29258,2885,32143,1.95
Rural Tourism,2004,Aug,29864,2397,32261,89155,5875,95030,2.95
Rural Tourism,2004,Jul,18248,2631,20879,41043,5474,46517,2.23
Rural Tourism,2004,Jun,11970,1558,13528,20478,3235,23713,1.75
Rural Tourism,2004,May,11538,1767,13305,18858,2937,21795,1.64
Rural Tourism,2004,Apr,13283,597,13880,27563,1465,29028,2.09
Rural Tourism,2004,Mar,7888,204,8092,13301,493,13794,1.7
Rural Tourism,2004,Feb,6513,187,6700,10766,329,11095,1.66
Rural Tourism,2004,Jan,4628,372,5000,7817,747,8564,1.71
Rural Tourism,2003,Dec,10546,284,10830,19808,363,20171,1.86
Rural Tourism,2003,Nov,6267,263,6530,10218,372,10590,1.62
Rural Tourism,2003,Oct,8339,874,9213,14344,1662,16006,1.74
Rural Tourism,2003,Sep,11404,1599,13003,25523,2680,28203,2.17
Rural Tourism,2003,Aug,24769,2307,27076,79712,5969,85681,3.16
Rural Tourism,2003,Jul,14377,1846,16223,34602,4350,38952,2.4
Rural Tourism,2003,Jun,7887,1582,9469,13346,3093,16439,1.74
Rural Tourism,2003,May,7332,773,8105,14567,1235,15802,1.95
Rural Tourism,2003,Apr,10684,468,11152,23514,993,24507,2.2
Rural Tourism,2003,Mar,6695,209,6904,10606,437,11043,1.6
Rural Tourism,2003,Feb,5190,246,5436,7330,671,8001,1.47
Rural Tourism,2003,Jan,3438,73,3511,5571,235,5806,1.65
Rural Tourism,2002,Dec,6688,255,6943,12063,594,12657,1.82
Rural Tourism,2002,Nov,6688,255,6943,12063,594,12657,1.82
Rural Tourism,2002,Oct,9031,643,9674,15172,1091,16263,1.68
Rural Tourism,2002,Sep,11115,1247,12362,25625,3242,28867,2.34
Rural Tourism,2002,Aug,24712,2076,26788,80853,7884,88737,3.31
Rural Tourism,2002,Jul,14728,1845,16573,40097,4503,44600,2.69
Rural Tourism,2002,Jun,6852,1876,8728,12815,3796,16611,1.9
Rural Tourism,2002,May,7359,909,8268,14113,1879,15992,1.93
Rural Tourism,2002,Apr,5420,496,5916,9925,1101,11026,1.86
Rural Tourism,2002,Mar,9583,192,9775,21641,581,22222,2.27
Rural Tourism,2002,Feb,4306,46,4352,7042,102,7144,1.64
Rural Tourism,2002,Jan,3126,27,3153,5429,53,5482,1.74
Rural Tourism,2001,Dec,6111,284,6395,12664,793,13457,2.1
Rural Tourism,2001,Nov,6385,61,6446,10736,342,11078,1.72
Rural Tourism,2001,Oct,7865,324,8189,14814,692,15506,1.89
Rural Tourism,2001,Sep,9722,842,10564,21428,2663,24091,2.28
Rural Tourism,2001,Aug,20723,1518,22241,64045,4844,68889,3.1
Rural Tourism,2001,Jul,11132,1454,12586,29292,3973,33265,2.64
Rural Tourism,2001,Jun,6531,1250,7781,11269,2394,13663,1.76
Rural Tourism,2001,May,5046,669,5715,8199,990,9189,1.61
Rural Tourism,2001,Apr,8849,467,9316,19819,989,20808,2.23
Rural Tourism,2001,Mar,3677,129,3806,5094,278,5372,1.41
Rural Tourism,2001,Feb,3755,113,3868,6119,305,6424,1.66
Rural Tourism,2001,Jan,3112,40,3152,4579,62,4641,1.47
Albergue,2022,Aug,133836,89629,223465,172499,102632,275131,1.23
Albergue,2022,Jul,141341,76631,217972,159181,88614,247795,1.14
Albergue,2022,Jun,76022,95008,171030,86214,109135,195349,1.14
Albergue,2022,May,40805,74115,114920,45857,94566,140423,1.22
Albergue,2022,Apr,47163,36100,83263,48907,36361,85268,1.02
Albergue,2022,Mar,5508,7150,12658,5537,7377,12914,1.02
Albergue,2022,Feb,1728,2732,4460,1850,2812,4662,1.05
Albergue,2022,Jan,1425,1422,2847,1447,2106,3553,1.25
Albergue,2021,Dec,1879,1649,3528,2105,1701,3806,1.08
Albergue,2021,Nov,4463,3749,8212,4865,3902,8767,1.07
Albergue,2021,Oct,37938,34187,72125,43357,46371,89728,1.24
Albergue,2021,Sep,57075,40486,97561,67051,50844,117895,1.21
Albergue,2021,Aug,98206,36254,134460,113703,42395,156098,1.16
Albergue,2021,Jul,84906,32006,116912,103040,41351,144391,1.24
Albergue,2021,Jun,27007,13001,40008,32557,15927,48484,1.21
Albergue,2021,May,3277,1496,4773,4095,1610,5705,1.2
Albergue,2021,Apr,1244,325,1569,1632,774,2406,1.53
Albergue,2021,Mar,504,50,554,881,81,962,1.74
Albergue,2021,Feb,-1,-1,-2,-1,-1,-2,1.0
Albergue,2021,Jan,-1,-1,-2,-1,-1,-2,1.0
Albergue,2020,Dec,-1,-1,-2,-1,-1,-2,1.0
Albergue,2020,Nov,-1,-1,-2,-1,-1,-2,1.0
Albergue,2020,Oct,-1,-1,-2,-1,-1,-2,1.0
Albergue,2020,Sep,587,236,823,1720,257,1977,2.4
Albergue,2020,Aug,1130,276,1406,4586,311,4897,3.48
Albergue,2020,Jul,561,27,588,2818,94,2912,4.95
Albergue,2020,Jun,-1,-1,-2,-1,-1,-2,1.0
Albergue,2020,May,-1,-1,-2,-1,-1,-2,1.0
Albergue,2020,Apr,-1,-1,-2,-1,-1,-2,1.0
Albergue,2020,Mar,-1,-1,-2,-1,-1,-2,1.0
Albergue,2020,Feb,-1,-1,-2,-1,-1,-2,1.0
Albergue,2020,Jan,-1,-1,-2,-1,-1,-2,1.0
Albergue,2019,Dec,401,93,494,1117,115,1232,2.49
Albergue,2019,Nov,387,227,614,624,245,869,1.42
Albergue,2019,Oct,938,719,1657,3189,810,3999,2.41
Albergue,2019,Sep,784,1008,1792,1914,1125,3039,1.7
Albergue,2019,Aug,1302,1899,3201,3712,2359,6071,1.9
Albergue,2019,Jul,2378,1323,3701,10997,2451,13448,3.63
Albergue,2019,Jun,1185,1211,2396,3382,1598,4980,2.08
Albergue,2019,May,-1,-1,-2,-1,-1,-2,1.0
Albergue,2019,Apr,445,34,479,929,117,1046,2.18
Albergue,2019,Mar,-1,-1,-2,-1,-1,-2,1.0
Albergue,2019,Feb,-1,-1,-2,-1,-1,-2,1.0
Albergue,2019,Jan,-1,-1,-2,-1,-1,-2,1.0
Albergue,2018,Dec,-1,-1,-2,-1,-1,-2,1.0
Albergue,2018,Nov,-1,-1,-2,-1,-1,-2,1.0
Albergue,2018,Oct,399,46,445,588,140,728,1.64
Albergue,2018,Sep,425,60,485,1670,122,1792,3.69
Albergue,2018,Aug,1454,98,1552,10984,195,11179,7.2
Albergue,2018,Jul,985,218,1203,9848,1023,10871,9.04
Albergue,2018,Jun,1221,54,1275,3085,238,3323,2.61
Albergue,2018,May,478,126,604,546,126,672,1.11
Albergue,2018,Apr,334,87,421,945,172,1117,2.65
Albergue,2018,Mar,339,77,416,611,84,695,1.67
Albergue,2018,Feb,-1,-1,-2,-1,-1,-2,1.0
Albergue,2018,Jan,-1,-1,-2,-1,-1,-2,1.0
Albergue,2017,Dec,147,49,196,250,161,411,2.1
Albergue,2017,Nov,-1,-1,-2,-1,-1,-2,1.0
Albergue,2017,Oct,250,46,296,373,148,521,1.76
Albergue,2017,Sep,346,126,472,1018,305,1323,2.8
Albergue,2017,Aug,1781,253,2034,11783,302,12085,5.94
Albergue,2017,Jul,1489,412,1901,9379,1710,11089,5.83
Albergue,2017,Jun,1119,73,1192,3250,115,3365,2.82
Albergue,2017,May,206,94,300,366,186,552,1.84
Albergue,2017,Apr,-1,-1,-2,-1,-1,-2,1.0
Albergue,2017,Mar,-1,-1,-2,-1,-1,-2,1.0
Albergue,2017,Feb,-1,-1,-2,-1,-1,-2,1.0
Albergue,2017,Jan,-1,-1,-2,-1,-1,-2,1.0
Albergue,2016,Dec,263,28,291,493,53,546,1.88
Albergue,2016,Nov,131,14,145,166,20,186,1.28
Albergue,2016,Oct,310,68,378,492,91,583,1.54
Albergue,2016,Sep,441,130,571,814,159,973,1.7
Albergue,2016,Aug,1562,261,1823,8941,293,9234,5.07
Albergue,2016,Jul,1209,237,1446,7667,1000,8667,5.99
Albergue,2016,Jun,691,66,757,1879,70,1949,2.57
Albergue,2016,May,424,54,478,521,71,592,1.24
Albergue,2016,Apr,162,85,247,337,88,425,1.72
Albergue,2016,Mar,236,14,250,440,20,460,1.84
Albergue,2016,Feb,137,18,155,186,21,207,1.34
Albergue,2016,Jan,214,5,219,310,11,321,1.47
Albergue,2015,Dec,108,15,123,145,27,172,1.4
Albergue,2015,Nov,393,12,405,508,20,528,1.3
Albergue,2015,Oct,393,51,444,618,65,683,1.54
Albergue,2015,Sep,273,90,363,340,124,464,1.28
Albergue,2015,Aug,1197,122,1319,8063,144,8207,6.22
Albergue,2015,Jul,945,376,1321,6852,2997,9849,7.46
Albergue,2015,Jun,779,23,802,1721,25,1746,2.18
Albergue,2015,May,346,48,394,467,49,516,1.31
Albergue,2015,Apr,317,3,320,910,3,913,2.85
Albergue,2015,Mar,101,1,102,182,1,183,1.79
Albergue,2015,Feb,78,2,80,124,7,131,1.64
Albergue,2015,Jan,139,5,144,159,9,168,1.17
Albergue,2014,Dec,153,1,154,179,1,180,1.17
Albergue,2014,Nov,192,2,194,216,4,220,1.13
Albergue,2014,Oct,322,52,374,465,79,544,1.45
Albergue,2014,Sep,469,125,594,940,258,1198,2.02
Albergue,2014,Aug,3724,617,4341,13270,898,14168,3.26
Albergue,2014,Jul,1762,805,2567,8577,3229,11806,4.6
Albergue,2014,Jun,1062,252,1314,2784,513,3297,2.51
Albergue,2014,May,573,125,698,1100,248,1348,1.93
Albergue,2014,Apr,166,183,349,1369,1366,2735,7.84
Albergue,2014,Mar,189,87,276,365,96,461,1.67
Albergue,2014,Feb,43,11,54,74,11,85,1.57
Albergue,2014,Jan,27,10,37,43,16,59,1.59
